1 210 20
2 220 30
3 240 40
4 260 50
5 280 60
6 285 70
7 287 78
8 268 72
9 238 62
10 232 52
11 215 49
12 210 52
13 205 72
14 202 80
15 206 87
16 202 94
17 208 101
18 230 108
19 245 111
20 250 120
21 240 118
22 239 125
23 210 125
24 211 132
25 210 140
26 235 142
27 250 148
28 253 151
29 239 151
30 230 151
31 231 155
32 205 155
33 195 152
34 188 155
35 198 156
36 190 152
37 192 148
38 198 145
39 180 144
40 172 141
41 167 135
42 170 125
43 172 120
44 180 122
45 181 118
46 182 110
47 185 105
48 189 101
49 187 93
50 187 87
51 189 82
52 191 72
53 189 68
54 187 65
55 180 69
56 175 72
57 170 76
58 170 70
59 173 65
60 178 60
61 185 55
62 189 57
63 192 61
64 195 67
65 199 72
66 203 73
67 205 67
68 205 60
69 210 22
