1 415 164 
2 449 157 
3 481 155 
4 515 170 
5 544 183 
6 571 192 
7 589 213 
8 598 243 
9 628 249 
10 648 247 
11 661 262 
12 647 277 
13 619 282 
14 589 287 
15 570 295 
16 537 316 
17 504 316 
18 472 312 
19 444 343 
20 418 370 
21 388 377 
22 368 364 
23 391 343 
24 405 320 
25 365 340 
26 334 354 
27 298 374 
28 278 395 
29 295 418 
30 305 461 
31 281 469 
32 257 472 
33 236 477 
34 226 496 
35 207 523 
36 191 548 
37 173 527 
38 172 498 
39 183 461 
40 213 440 
41 222 403 
42 234 360 
43 254 330 
44 268 298 
45 289 266 
46 305 241 
47 334 206 
48 320 172 
49 297 141 
50 308 113 
51 348 128 
52 383 146
53 415 164
